2.322870 1.216286 -0.733489 0.081508 -0.506334 -0.393737 0.597886 
1.216286 2.286658 -0.949801 0.016420 -0.699714 0.322969 -0.144746 
-0.733489 -0.949801 2.180539 -0.614970 0.495089 0.790679 -0.028415 
0.081508 0.016420 -0.614970 1.288919 0.237611 -0.627923 -0.157904 
-0.506334 -0.699714 0.495089 0.237611 2.044344 -1.101667 0.039273 
-0.393737 0.322969 0.790679 -0.627923 -1.101667 2.719531 0.420169 
0.597886 -0.144746 -0.028415 -0.157904 0.039273 0.420169 1.658666 
